100	4950
200	24850
300	69700
400	149500
500	274250
600	453950
700	698600
800	1018200
900	1422750
1000	1922250
1100	2526700
1200	3246100
1300	4090450
1400	5069750
1500	6194000
1600	7473200
1700	8917350
1800	10536450
1900	12340500
2000	14339500
2100	16543450
2200	18962350
2300	21606200
2400	24485000
2500	27608750
2600	30987450
2700	34631100
2800	38549700
2900	42753250
3000	47251750
3100	52055200
3200	57173600
3300	62616950
3400	68395250
3500	74518500
3600	80996700
3700	87839850
3800	95057950
3900	102661000
4000	110659000
4100	119061950
4200	127879850
4300	137122700
4400	146800500
4500	156923250
4600	167500950
4700	178543600
4800	190061200
4900	202063750
5000	214561250
5100	227563700
5200	241081100
5300	255123450
5400	269700750
5500	284823000
5600	300500200
5700	316742350
5800	333559450
5900	350961500
6000	368958500
6100	387560450
6200	406777350
6300	426619200
6400	447096000
6500	468217750
6600	489994450
6700	512436100
6800	535552700
6900	559354250
7000	583850750
7100	609052200
7200	634968600
7300	661609950
7400	688986250
7500	717107500
7600	745983700
7700	775624850
7800	806040950
7900	837242000
8000	869238000
8100	902038950
8200	935654850
8300	970095700
8400	1005371500
8500	1041492250
8600	1078467950
8700	1116308600
8800	1155024200
8900	1194624750
9000	1235120250
9100	1276520700
9200	1318836100
9300	1362076450
9400	1406251750
9500	1451372000
9600	1497447200
9700	1544487350
9800	1592502450
9900	1641502500
