100	0.000283
200	0.000578
300	0.000993
400	0.002094
500	0.002940
600	0.003873
700	0.004868
800	0.004260
900	0.002475
1000	0.003160
1100	0.003722
1200	0.004373
1300	0.005218
1400	0.006067
1500	0.007454
1600	0.007874
1700	0.009081
1800	0.010183
1900	0.011463
2000	0.013189
2100	0.018648
2200	0.017420
2300	0.017212
2400	0.018801
2500	0.020685
2600	0.022434
2700	0.024531
2800	0.026318
2900	0.028912
3000	0.030280
3100	0.032393
3200	0.034212
3300	0.036676
3400	0.038897
3500	0.041400
3600	0.044054
3700	0.047553
3800	0.050081
3900	0.052230
4000	0.054479
4100	0.057666
4200	0.060771
4300	0.063553
4400	0.067194
4500	0.069065
4600	0.072825
4700	0.077219
4800	0.080535
4900	0.083879
5000	0.085994
5100	0.090420
5200	0.094105
5300	0.096902
5400	0.102055
5500	0.105432
5600	0.109184
5700	0.115964
5800	0.118510
5900	0.121734
6000	0.125751
6100	0.128750
6200	0.134420
6300	0.140590
6400	0.144523
6500	0.148951
6600	0.155330
6700	0.158015
6800	0.163742
6900	0.167796
7000	0.175314
7100	0.175524
7200	0.183892
7300	0.187610
7400	0.193486
7500	0.197848
7600	0.203278
7700	0.211295
7800	0.216599
7900	0.219639
8000	0.227582
8100	0.232809
8200	0.237536
8300	0.243661
8400	0.249047
8500	0.256270
8600	0.262048
8700	0.269989
8800	0.277143
8900	0.281124
9000	0.289268
9100	0.294463
9200	0.307803
9300	0.305253
9400	0.313627
9500	0.322601
9600	0.327946
9700	0.334208
9800	0.340811
9900	0.350908
