100	0.000067
200	0.000087
300	0.000201
400	0.000350
500	0.000461
600	0.000455
700	0.000623
800	0.000835
900	0.000998
1000	0.001224
1100	0.001405
1200	0.002142
1300	0.002499
1400	0.002435
1500	0.002572
1600	0.003223
1700	0.003345
1800	0.004285
1900	0.004553
2000	0.005011
2100	0.005277
2200	0.005731
2300	0.006192
2400	0.007093
2500	0.007240
2600	0.007818
2700	0.008501
2800	0.009017
2900	0.012428
3000	0.015962
3100	0.013937
3200	0.011664
3300	0.012805
3400	0.013394
3500	0.014583
3600	0.014741
3700	0.015906
3800	0.016404
3900	0.017318
4000	0.019679
4100	0.019493
4200	0.020603
4300	0.021372
4400	0.022433
4500	0.022647
4600	0.024403
4700	0.025176
4800	0.026611
4900	0.027818
5000	0.029016
5100	0.029764
5200	0.031816
5300	0.033477
5400	0.033257
5500	0.034837
5600	0.036488
5700	0.037543
5800	0.038101
5900	0.041897
6000	0.053606
6100	0.042281
6200	0.044556
6300	0.050791
6400	0.051380
6500	0.051030
6600	0.053117
6700	0.052614
6800	0.052951
6900	0.054109
7000	0.055733
7100	0.057995
7200	0.059902
7300	0.060834
7400	0.062410
7500	0.065190
7600	0.066775
7700	0.070613
7800	0.070698
7900	0.074913
8000	0.075075
8100	0.078652
8200	0.076879
8300	0.086325
8400	0.080894
8500	0.083751
8600	0.084696
8700	0.086830
8800	0.088857
8900	0.091856
9000	0.092736
9100	0.095241
9200	0.099038
9300	0.099071
9400	0.102634
9500	0.103994
9600	0.105020
9700	0.108216
9800	0.110821
9900	0.114372
