100	2438
200	12150
300	34422
400	74638
500	139283
600	227686
700	349826
800	514507
900	711596
1000	953967
1100	1253442
1200	1604111
1300	2033817
1400	2525164
1500	3077617
1600	3728374
1700	4444789
1800	5271278
1900	6172688
2000	7175108
2100	8272709
2200	9482765
2300	10819035
2400	12272909
2500	13846565
2600	15536306
2700	17360267
2800	19315973
2900	21435539
3000	23673296
3100	26102030
3200	28605057
3300	31323054
3400	34212606
3500	37361546
3600	40574324
3700	44033997
3800	47618881
3900	51394065
4000	55416009
4100	59612153
4200	64070841
4300	68701331
4400	73548377
4500	78503603
4600	83843313
4700	89337061
4800	95155117
4900	101163906
5000	107444570
5100	113939789
5200	120857776
5300	127979282
5400	135247349
5500	142823471
5600	150801096
5700	158942232
5800	167272477
5900	175964510
6000	185010351
6100	194244641
6200	203981150
6300	213842658
6400	224051967
6500	234685327
6600	245798070
6700	257059026
6800	268643693
6900	280472131
7000	292690610
7100	305263077
7200	318145291
7300	331343160
7400	344907543
7500	359069200
7600	373679766
7700	388565641
7800	404019576
7900	419812533
8000	435919617
8100	452208545
8200	468883631
8300	486231194
8400	503880169
8500	521948060
8600	540339270
8700	559290632
8800	578683733
8900	598559494
9000	618832151
9100	639434545
9200	660563860
9300	682054245
9400	704380271
9500	727027121
9600	749937579
9700	773054632
9800	797191135
9900	821731986
