100	0.000224
200	0.000160
300	0.000237
400	0.000298
500	0.000440
600	0.000403
700	0.000425
800	0.000520
900	0.000722
1000	0.000767
1100	0.000849
1200	0.000571
1300	0.000231
1400	0.000258
1500	0.000343
1600	0.000351
1700	0.000493
1800	0.000489
1900	0.000442
2000	0.000404
2100	0.000424
2200	0.000459
2300	0.000466
2400	0.000494
2500	0.000510
2600	0.000529
2700	0.000557
2800	0.000576
2900	0.000614
3000	0.000565
3100	0.000592
3200	0.000661
3300	0.000694
3400	0.000732
3500	0.000767
3600	0.000768
3700	0.000923
3800	0.000975
3900	0.000889
4000	0.001205
4100	0.001156
4200	0.001381
4300	0.001433
4400	0.001325
4500	0.001322
4600	0.001385
4700	0.001364
4800	0.001461
4900	0.001296
5000	0.001093
5100	0.001109
5200	0.001211
5300	0.001298
5400	0.001267
5500	0.001217
5600	0.001239
5700	0.001247
5800	0.001297
5900	0.001287
6000	0.001330
6100	0.001346
6200	0.001358
6300	0.001405
6400	0.001428
6500	0.001456
6600	0.001463
6700	0.001511
6800	0.001524
6900	0.001533
7000	0.001557
7100	0.001520
7200	0.001481
7300	0.001506
7400	0.001524
7500	0.001566
7600	0.001569
7700	0.001598
7800	0.001614
7900	0.001626
8000	0.001671
8100	0.001666
8200	0.001697
8300	0.001729
8400	0.001755
8500	0.001810
8600	0.001821
8700	0.001826
8800	0.001899
8900	0.001883
9000	0.001897
9100	0.001903
9200	0.001941
9300	0.001961
9400	0.002340
9500	0.002795
9600	0.002721
9700	0.003326
9800	0.002466
9900	0.003212
