100	542
200	1828
300	3933
400	6883
500	10744
600	15538
700	21283
800	28009
900	35727
1000	44438
1100	54173
1200	64979
1300	76824
1400	89692
1500	103654
1600	118712
1700	134861
1800	152071
1900	170418
2000	189791
2100	210318
2200	231965
2300	254774
2400	278760
2500	303855
2600	330092
2700	357573
2800	386215
2900	415980
3000	446874
3100	478934
3200	512240
3300	546751
3400	582330
3500	619193
3600	657213
3700	696445
3800	736856
3900	778449
4000	821324
4100	865350
4200	910641
4300	957192
4400	1004954
4500	1053911
4600	1104167
4700	1155703
4800	1208449
4900	1262483
5000	1317671
5100	1374169
5200	1431922
5300	1490937
5400	1551170
5500	1612665
5600	1675452
5700	1739558
5800	1804913
5900	1871469
6000	1939310
6100	2008457
6200	2078860
6300	2150462
6400	2223440
6500	2297708
6600	2373251
6700	2450102
6800	2528216
6900	2607666
7000	2688362
7100	2770306
7200	2853531
7300	2938072
7400	3023916
7500	3111120
7600	3199530
7700	3289258
7800	3380278
7900	3472548
8000	3566202
8100	3661190
8200	3757407
8300	3854942
8400	3953820
8500	4054228
8600	4155906
8700	4258876
8800	4363102
8900	4468766
9000	4575723
9100	4683975
9200	4793577
9300	4904592
9400	5016958
9500	5130666
9600	5245732
9700	5362187
9800	5479861
9900	5599009
