100	0.000128
200	0.000049
300	0.000111
400	0.000167
500	0.000225
600	0.000313
700	0.000345
800	0.000355
900	0.000365
1000	0.000452
1100	0.000611
1200	0.000655
1300	0.000192
1400	0.000238
1500	0.000255
1600	0.000221
1700	0.000235
1800	0.000252
1900	0.000265
2000	0.000282
2100	0.000299
2200	0.000329
2300	0.000432
2400	0.000356
2500	0.000388
2600	0.000381
2700	0.000396
2800	0.000416
2900	0.000423
3000	0.000447
3100	0.000456
3200	0.000470
3300	0.000488
3400	0.000464
3500	0.000480
3600	0.000492
3700	0.000546
3800	0.000550
3900	0.000546
4000	0.000621
4100	0.000570
4200	0.000595
4300	0.000600
4400	0.000647
4500	0.000657
4600	0.000698
4700	0.000764
4800	0.000710
4900	0.000721
5000	0.000728
5100	0.000803
5200	0.000839
5300	0.000814
5400	0.000827
5500	0.000786
5600	0.000800
5700	0.000851
5800	0.000844
5900	0.000850
6000	0.000875
6100	0.000891
6200	0.000922
6300	0.000970
6400	0.000937
6500	0.001008
6600	0.001005
6700	0.001003
6800	0.001009
6900	0.001021
7000	0.001026
7100	0.001134
7200	0.001071
7300	0.001093
7400	0.001114
7500	0.001099
7600	0.001133
7700	0.001163
7800	0.001165
7900	0.001179
8000	0.001205
8100	0.001196
8200	0.001228
8300	0.001287
8400	0.001265
8500	0.001286
8600	0.001362
8700	0.001300
8800	0.001333
8900	0.001346
9000	0.001392
9100	0.001381
9200	0.001467
9300	0.001436
9400	0.001433
9500	0.001447
9600	0.001436
9700	0.001520
9800	0.001494
9900	0.001515
