100	0.000325
200	0.000735
300	0.001256
400	0.000868
500	0.001080
600	0.001585
700	0.001999
800	0.002777
900	0.003215
1000	0.003816
1100	0.005069
1200	0.005784
1300	0.006534
1400	0.007489
1500	0.008489
1600	0.009983
1700	0.011388
1800	0.012343
1900	0.013504
2000	0.018588
2100	0.018559
2200	0.018828
2300	0.020424
2400	0.022072
2500	0.023303
2600	0.025626
2700	0.027624
2800	0.029745
2900	0.031663
3000	0.033844
3100	0.036696
3200	0.037354
3300	0.040760
3400	0.043800
3500	0.046710
3600	0.048880
3700	0.052855
3800	0.055047
3900	0.056658
4000	0.060182
4100	0.063277
4200	0.066094
4300	0.071909
4400	0.073347
4500	0.075843
4600	0.079430
4700	0.083430
4800	0.086166
4900	0.089385
5000	0.093848
5100	0.098118
5200	0.101937
5300	0.107769
5400	0.109792
5500	0.115799
5600	0.118625
5700	0.124174
5800	0.125358
5900	0.130460
6000	0.135893
6100	0.176578
6200	0.145844
6300	0.146953
6400	0.152967
6500	0.160883
6600	0.165816
6700	0.168698
6800	0.172411
6900	0.178370
7000	0.182670
7100	0.189043
7200	0.194421
7300	0.199368
7400	0.202560
7500	0.210733
7600	0.216629
7700	0.224516
7800	0.230902
7900	0.232650
8000	0.240287
8100	0.247758
8200	0.251587
8300	0.259018
8400	0.263300
8500	0.276291
8600	0.273632
8700	0.283340
8800	0.291439
8900	0.301626
9000	0.303617
9100	0.308662
9200	0.316806
9300	0.324722
9400	0.332118
9500	0.340376
9600	0.343398
9700	0.348988
9800	0.363458
9900	0.369891
